Метод 1: Метод Эйлера
Решение:
X: [0.0, 0.1, 0.2, 0.30000000000000004, 0.4, 0.5, 0.6, 0.7, 0.7999999999999999, 0.8999999999999999, 0.9999999999999999]
Y: [1.0, 1.1, 1.1900000000000002, 1.2719552020666136, 1.3476568288671773, 1.4184721727433498, 1.4851313391905228, 1.5475807337763028, 1.6049172912789595, 1.6554101351103419, 1.6966084378344461]
Погрешность относительно точного решения:
0.07755368427522602
Погрешность методом Рунге-Ромберга:
X[0]: -0.0
X[1]: -0.0033333333333332624
X[2]: -0.005343678427971454
X[3]: -0.0060906118899692885
X[4]: -0.005822996463922851
X[5]: -0.004948174983314087
X[6]: -0.003985612210920901
X[7]: -0.0035092764027491916
X[8]: -0.004084078222833891
X[9]: -0.006202233233622086
X[10]: -0.010225436326893877
Метод 2: Метод Рунге-Кутты
Решение:
X: [0.0, 0.1, 0.2, 0.30000000000000004, 0.4, 0.5, 0.6, 0.7, 0.7999999999999999, 0.8999999999999999, 0.9999999999999999]
Y: [1.0, 1.0953356271082453, 1.1826576518617349, 1.2637624036423156, 1.3400081519779194, 1.4121078170421064, 1.4799901121773358, 1.54274227328357, 1.5986401267383616, 1.6452633242066845, 1.6796858382391104]
Погрешность относительно точного решения:
1.4869684896057223E-5
Погрешность методом Рунге-Ромберга:
X[0]: -0.0
X[1]: -5.397390684909926E-7
X[2]: -1.0535175083722E-6
X[3]: -1.4946260333677704E-6
X[4]: -1.8241502540187563E-6
X[5]: -2.0145993668544786E-6
X[6]: -2.0524831252070423E-6
X[7]: -1.9396042740519685E-6
X[8]: -1.6929489078165715E-6
X[9]: -1.3431829958202948E-6
X[10]: -9.318884110598447E-7
Метод 3: Метод Адамса
Решение:
X: [0.0, 0.1, 0.2, 0.30000000000000004, 0.4, 0.5, 0.6, 0.7, 0.7999999999999999, 0.8999999999999999, 0.9999999999999999]
Y: [1.0, 1.0953356271082453, 1.1826576518617349, 1.2637624036423156, 1.3400910235943062, 1.4122145726434183, 1.4800771969519535, 1.5427507994315532, 1.5985056548991532, 1.644931864659306, 1.67911251213556]
Погрешность относительно точного решения:
0.0013314463787279518
Погрешность методом Рунге-Ромберга:
X[0]: -0.0
X[1]: -5.397390684909926E-7
X[2]: 2.151965000744364E-6
X[3]: 6.6543408389444876E-6
X[4]: -7.966017281925512E-5
X[5]: -1.0640295509508253E-4
X[6]: -9.055156567114864E-5
X[7]: -1.5888544883087737E-5
X[8]: 1.2376726538718686E-4
X[9]: 3.179104787778423E-4
X[10]: 5.577931304252103E-4
