Метод 1: Метод стрельбы
Решение:
X: [1.0, 1.1, 1.2000000000000002, 1.3000000000000003, 1.4000000000000004, 1.5000000000000004, 1.6000000000000005, 1.7000000000000006, 1.8000000000000007, 1.9000000000000008, 2.000000000000001]
Y: [2.7186274086230116, 2.7314099148801407, 2.767119796695313, 2.822899217816367, 2.8969442957710543, 2.988177168800933, 3.096043306841822, 3.220382738105169, 3.3613466901903353, 3.519343165623937, 3.6950015872652697]
Точное решение:
Y: [2.718281828459045, 2.7310600217694847, 2.766764102280456, 2.8225358981686495, 2.896571404889053, 2.98779271355871, 3.095645265246947, 3.219969053957177, 3.3609152580071933, 3.5188918117259322, 3.694528049465326]
Погрешность относительно точного решения:
0.004339883085378915
Погрешность методом Рунге-Ромберга:
X[0]: 2.0828378376099486E-6
X[1]: -1.2860978457022536E-6
X[2]: -2.8442181818633117E-6
X[3]: -3.4727674478318704E-6
X[4]: -3.6149852089550905E-6
X[5]: -3.503194124121478E-6
X[6]: -3.2626994184899636E-6
X[7]: -2.9621629084412384E-6
X[8]: -2.63923132533724E-6
X[9]: -2.3141078671073956E-6
X[10]: -1.996980696361561E-6
Метод 2: Метод конечных разностей
Решение:
X: [1.0, 1.1, 1.2000000000000002, 1.3000000000000003, 1.4000000000000004, 1.5000000000000004, 1.6000000000000005, 1.7000000000000006, 1.8000000000000007, 1.9000000000000008, 2.000000000000001]
Y: [2.7186274086230116, 2.7314099148801407, 2.767119796695313, 2.822899217816367, 2.8969442957710543, 2.988177168800933, 3.096043306841822, 3.220382738105169, 3.3613466901903353, 3.519343165623937, 3.6950015872652697]
Точное решение:
Y: [2.718281828459045, 2.7310600217694847, 2.766764102280456, 2.8225358981686495, 2.896571404889053, 2.98779271355871, 3.095645265246947, 3.219969053957177, 3.3609152580071933, 3.5188918117259322, 3.694528049465326]
Погрешность относительно точного решения:
0.004339883085378915
Погрешность методом Рунге-Ромберга:
X[0]: 2.0828378376099486E-6
X[1]: -1.2860978457022536E-6
X[2]: -2.8442181818633117E-6
X[3]: -3.4727674478318704E-6
X[4]: -3.6149852089550905E-6
X[5]: -3.503194124121478E-6
X[6]: -3.2626994184899636E-6
X[7]: -2.9621629084412384E-6
X[8]: -2.63923132533724E-6
X[9]: -2.3141078671073956E-6
X[10]: -1.996980696361561E-6
