Метод 1: Метод стрельбы
Решение:
X: [1.0, 1.1, 1.2000000000000002, 1.3000000000000003, 1.4000000000000004, 1.5000000000000004, 1.6000000000000005, 1.7000000000000006, 1.8000000000000007, 1.9000000000000008, 2.000000000000001]
Y: [2.7186274086230116, 2.7314099148801407, 2.767119796695313, 2.822899217816367, 2.8969442957710543, 2.988177168800933, 3.096043306841822, 3.220382738105169, 3.3613466901903353, 3.519343165623937, 3.6950015872652697]
Погрешность относительно точного решения:
0.004339883085378915
Погрешность методом Рунге-Ромберга:
X[0]: 2.0828378376099486E-6
X[1]: -1.2860978457022536E-6
X[2]: -2.8442181818633117E-6
X[3]: -3.4727674478318704E-6
X[4]: -3.6149852089550905E-6
X[5]: -3.503194124121478E-6
X[6]: -3.2626994184899636E-6
X[7]: -2.9621629084412384E-6
X[8]: -2.63923132533724E-6
X[9]: -2.3141078671073956E-6
X[10]: -1.996980696361561E-6
Метод 2: Метод конечных разностей
Решение:
X: [1.0, 1.1, 1.2000000000000002, 1.3000000000000003, 1.4000000000000004, 1.5000000000000004, 1.6000000000000005, 1.7000000000000006, 1.8000000000000007, 1.9000000000000008, 2.000000000000001]
Y: [2.9316996403245428, 2.9316996403245428, 2.9585735536941846, 3.0086229285795203, 3.079459605675189, 3.1695930154777376, 3.278174683575071, 3.4048354465651895, 3.5495795706628552, 3.712715067103888, 3.8948078070383043]
Погрешность относительно точного решения:
2.1068055514930517
Погрешность методом Рунге-Ромберга:
X[0]: -0.1451027779600699
X[1]: -0.13612091073371482
X[2]: -0.12986218132505437
X[3]: -0.12574305213828355
X[4]: -0.12335743278179183
X[5]: -0.12241800027799894
X[6]: -0.12271962043732287
X[7]: -0.12411577477050291
X[8]: -0.1265029406957634
X[9]: -0.12981000094312614
X[10]: -0.13399092859397754
