Метод 1: Интерполяция
X: [0.314, 0.523, 0.942, 1.256]
X*=0.785
Полиномы:
L(x)=-2.4981159732964393(x-0.523)(x-0.942)(x-1.256)+7.781350858326594(x-0.314)(x-0.942)(x-1.256)-9.788214848563694(x-0.314)(x-0.523)(x-1.256)+4.385628155208495(x-0.314)(x-0.523)(x-0.942)
e(X)=2.606966455153126E-4
y(X)=0.7065644844598507
N(x)=0.30886552009893214+0.9120374900464576(x-0.314)-0.2770054698591479(x-0.314)(x-0.523)-0.11935180832504387(x-0.314)(x-0.523)(x-0.942)
e(X)=2.606966455153126E-4
y(X)=0.7065644844598507
