Метод 1: Интерполяция
X: [0.314, 0.628, 0.942, 1.256]
X*=0.785
Полиномы:
L(x)=-1.6627587210794772(x-0.628)(x-0.942)(x-1.256)+9.488755982947913(x-0.314)(x-0.942)(x-1.256)-13.06134401766939(x-0.314)(x-0.628)(x-1.256)+5.118894009184437(x-0.314)(x-0.628)(x-0.942)
e(X)=1.5972511800355083E-4
y(X)=0.7066654559873624
N(x)=0.30886552009893214+0.8874586166081521(x-0.314)-0.2913580204862338(x-0.314)(x-0.628)-0.11645274661651475(x-0.314)(x-0.628)(x-0.942)
e(X)=1.5972511800366185E-4
y(X)=0.7066654559873623
