Метод 2: Кубический сплайн
X: [0.0, 1.0, 2.0, 3.0, 4.0]
Y: [0.0, 0.5, 0.86603, 1.0, 0.86603]
X*=1.5
Сплайн S(x):
S(1)=0.0+0.52409375(x-0.0)^1+0.0(x-0.0)^2-0.024093750000000014(x-0.0)^3
S(2)=0.5+0.45181249999999995(x-1.0)^1-0.07228125000000005(x-1.0)^2-0.013501249999999956(x-1.0)^3
S(3)=0.86603+0.26674624999999996(x-2.0)^1-0.11278499999999991(x-2.0)^2-0.019991250000000054(x-2.0)^3
S(4)=1.0-0.01879749999999998(x-3.0)^1-0.17275875000000007(x-3.0)^2+0.057586250000000026(x-3.0)^3
S(X*)=0.70614828125
