Метод 3: МНК-аппроксимация
X: [-1.0, 0.0, 1.0, 2.0, 3.0, 4.0]
Y: [-0.5, 0.0, 0.5, 0.86603, 1.0, 0.86603]
Полиномы:
P1(x)=0.018364190476190326+0.2913194285714286x^1
e1=0.2708179489276191
P2(x)=0.0735304999999997+0.5395678214285708x^1-0.08274946428571411x^2
e2=0.015178925583571399
